./static/chairbot/py/CB03.txt
x/ll[0] 	 y/ll[1] 	 degree 	 time
357.5	352.5	193.722297133	1590693325.98	
356.5	353.25	195.901389935	1590693326.02	
355.0	352.5	198.434948823	1590693326.05	
311.25	263.5	239.300277449	1590693327.81	
311.75	260.75	243.296218393	1590693327.84	
334.25	264.0	238.330264853	1590693328.01	
333.0	266.5	241.654306377	1590693328.04	
330.5	269.25	246.501434324	1590693328.07	
322.75	275.5	260.847660951	1590693328.17	
321.0	277.25	263.762919924	1590693328.2	
319.75	279.25	266.633539337	1590693328.24	
319.75	281.25	267.878903603	1590693328.27	
319.25	282.25	268.500452962	1590693328.3	
319.25	283.0	269.095404966	1590693328.33	
319.25	284.5	270.30155395	1590693328.37	
318.0	286.75	272.423771344	1590693328.4	
315.5	290.5	276.072456407	1590693328.43	
315.75	290.75	275.139757379	1590693328.47	
316.75	290.0	274.561807987	1590693328.5	
316.5	289.25	274.281536235	1590693328.53	
317.0	289.0	274.398705355	1590693328.57	
318.25	289.5	273.95564548	1590693328.6	
318.25	289.5	273.914137219	1590693328.64	
318.5	288.75	273.632950739	1590693328.67	
318.75	289.0	273.278986259	1590693328.7	
317.75	289.5	274.561807987	1590693328.73	
317.25	288.75	273.893707555	1590693328.77	
317.0	287.5	272.950779109	1590693328.8	
313.75	289.0	275.593603449	1590693328.84	
311.25	290.75	276.726884049	1590693328.87	
310.0	291.5	277.556344056	1590693328.9	
309.5	292.75	278.572998364	1590693328.94	
306.75	293.0	279.369385096	1590693328.97	
305.5	293.25	280.91788536	1590693329.0	
306.75	292.5	279.829892335	1590693329.03	
309.5	293.25	278.872132993	1590693329.07	
310.0	293.75	279.865806943	1590693329.1	
311.25	295.25	280.569991221	1590693329.13	
313.25	295.75	280.996272581	1590693329.17	
315.75	294.25	280.996272581	1590693329.2	
318.25	292.75	279.946004942	1590693329.23	
318.25	291.25	280.569991221	1590693329.26	
315.5	289.0	281.725112015	1590693329.3	
312.75	286.75	281.413354346	1590693329.33	
309.0	282.0	281.618524353	1590693329.36	
305.0	277.5	282.022276686	1590693329.4	
301.25	274.5	281.158222909	1590693329.43	
297.5	272.75	282.362492416	1590693329.46	
294.0	272.0	283.790866897	1590693329.5	
292.25	271.0	283.91472556	1590693329.53	
291.75	270.25	282.88197779	1590693329.56	
292.25	269.75	281.901606238	1590693329.6	
293.0	269.25	280.856413348	1590693329.63	
294.25	269.25	280.281393429	1590693329.66	
295.5	269.75	279.593134263	1590693329.69	
298.0	270.25	278.623691955	1590693329.73	
300.0	270.75	277.024732123	1590693329.76	
301.75	271.0	276.134409944	1590693329.79	
302.0	271.5	276.340191746	1590693329.83	
301.75	273.25	276.512423029	1590693329.86	
302.75	273.5	275.914946366	1590693329.9	
304.75	272.5	274.763641691	1590693329.93	
307.75	272.5	273.699319492	1590693329.96	
311.0	273.0	272.468117914	1590693330.0	
311.75	273.5	273.17983012	1590693330.03	
312.5	276.5	272.910837826	1590693330.06	
314.5	279.25	272.923202932	1590693330.09	
319.75	282.25	270.241752909	1590693330.13	
325.25	286.5	268.286534683	1590693330.16	
330.75	292.75	266.316513611	1590693330.19	
340.5	303.25	263.632820136	1590693330.23	
351.75	313.25	262.590561268	1590693330.26	
359.75	320.5	262.874983651	1590693330.29	
365.5	322.75	264.320750284	1590693330.32	
370.25	324.0	265.438192013	1590693330.36	
372.25	328.25	265.933681225	1590693330.39	
376.25	326.5	265.10822782	1590693330.42	
380.75	325.25	262.29066692	1590693330.46	
380.5	326.0	262.568592029	1590693330.49	
377.5	325.75	262.968197961	1590693330.52	
376.0	324.75	263.147530229	1590693330.56	
375.75	324.0	263.304617223	1590693330.59	
374.75	322.0	264.239649359	1590693330.62	
377.75	319.25	263.659808254	1590693330.66	
383.25	316.75	261.080156216	1590693330.69	
386.0	313.0	261.444441757	1590693330.72	
386.75	310.75	261.728601312	1590693330.76	
387.5	308.25	262.113116595	1590693330.79	
387.5	307.25	262.245714304	1590693330.82	
388.25	306.75	263.023803523	1590693330.86	
389.25	306.25	263.554581964	1590693330.89	
391.75	305.25	263.081613593	1590693330.92	
394.75	302.75	263.081613593	1590693330.96	
397.75	299.0	263.633823775	1590693330.99	
399.75	295.25	264.077636979	1590693331.02	
402.5	291.5	264.336293742	1590693331.06	
405.0	288.5	263.867777502	1590693331.09	
407.75	286.75	262.20300889	1590693331.12	
408.5	285.75	261.903462832	1590693331.15	
409.0	285.25	261.362868585	1590693331.19	
409.0	283.75	261.290483578	1590693331.22	
408.75	281.5	261.564232487	1590693331.25	
409.5	278.25	261.362868585	1590693331.29	
409.25	274.25	260.103328032	1590693331.32	
410.0	271.5	259.908942761	1590693331.35	
409.25	268.25	260.103328032	1590693331.39	
410.0	265.5	259.261102899	1590693331.42	
410.5	263.5	259.169920457	1590693331.45	
409.75	261.75	259.365239061	1590693331.48	
409.25	259.5	259.805763007	1590693331.52	
409.25	256.0	258.73882988	1590693331.55	
410.25	252.5	258.251960503	1590693331.58	
410.5	247.75	257.527117875	1590693331.62	
411.5	244.25	257.471192291	1590693331.65	
413.25	240.0	256.322223885	1590693331.68	
412.75	236.5	256.913651331	1590693331.72	
413.0	234.25	256.986786721	1590693331.75	
414.0	232.75	257.786723454	1590693331.78	
416.0	232.0	257.735226272	1590693331.82	
420.0	231.25	256.731592144	1590693331.85	
424.25	231.0	255.599978693	1590693331.89	
426.25	231.25	255.904382689	1590693331.92	
428.5	231.75	255.294727944	1590693331.95	
430.25	232.75	255.430512347	1590693331.98	
430.5	234.0	255.23080147	1590693332.02	
432.25	235.0	255.963756532	1590693332.05	
433.75	236.5	256.08527444	1590693332.08	
434.75	239.0	256.204746823	1590693332.12	
435.75	241.0	257.131704407	1590693332.15	
436.0	242.75	257.097587473	1590693332.18	
436.25	244.25	258.023867556	1590693332.21	
436.5	245.0	257.83779648	1590693332.25	
439.0	245.75	258.735794395	1590693332.28	
439.75	247.0	259.009133803	1590693332.32	
440.75	248.75	257.653579331	1590693332.35	
446.25	248.75	255.796062046	1590693332.38	
445.5	250.0	257.175601898	1590693332.41	
445.25	252.5	257.744975426	1590693332.45	
444.5	254.25	257.824087482	1590693332.48	
443.0	256.5	259.237462777	1590693332.51	
442.5	257.5	260.073754493	1590693332.55	
443.0	258.0	260.233320604	1590693332.58	
443.75	258.0	259.29315872	1590693332.61	
445.25	258.0	258.829022256	1590693332.64	
445.5	258.5	258.597505766	1590693332.68	
445.75	258.75	258.413723465	1590693332.71	
446.25	259.75	258.690067526	1590693332.74	
446.5	260.25	258.279188501	1590693332.78	
446.0	261.75	258.373019018	1590693332.81	
445.5	263.25	258.915108708	1590693332.84	
444.5	264.0	258.95905982	1590693332.88	
444.5	265.0	259.408472252	1590693332.91	
444.0	266.0	259.408472252	1590693332.94	
443.25	266.5	259.550571842	1590693332.97	
443.25	267.5	259.550571842	1590693333.01	
442.5	268.25	259.978894018	1590693333.04	
442.25	268.25	259.508522988	1590693333.07	
442.0	268.25	259.736657167	1590693333.11	
442.75	267.75	259.05326887	1590693333.14	
443.0	267.25	259.088871616	1590693333.18	
443.0	266.5	258.781157719	1590693333.21	
443.25	265.25	258.05144675	1590693333.24	
443.75	264.0	258.099410311	1590693333.27	
443.25	263.5	258.46070214	1590693333.31	
443.0	263.0	258.231711068	1590693333.34	
442.5	262.25	258.183852927	1590693333.38	
442.5	262.0	258.231711068	1590693333.41	
442.25	262.75	258.413723465	1590693333.44	
442.5	262.5	258.135609549	1590693333.47	
442.25	262.75	257.954367615	1590693333.51	
442.0	263.25	258.183852927	1590693333.54	
441.75	264.0	258.003100692	1590693333.57	
441.5	264.25	258.183852927	1590693333.61	
441.25	264.5	258.46070214	1590693333.64	
441.0	264.75	258.735794395	1590693333.67	
440.75	265.25	258.413723465	1590693333.71	
441.0	265.5	258.231711068	1590693333.74	
441.0	265.75	258.183852927	1590693333.77	
441.0	266.5	258.135609549	1590693333.8	
441.25	266.25	257.954367615	1590693333.84	
441.5	265.5	257.675272566	1590693333.87	
442.75	264.75	257.496578102	1590693333.9	
444.25	263.5	256.987802423	1590693333.94	
446.25	262.5	256.746284374	1590693333.97	
447.5	262.5	256.192480984	1590693334.0	
448.5	263.25	255.099197716	1590693334.04	
450.25	263.75	254.744881297	1590693334.07	
452.0	266.25	254.385598565	1590693334.1	
452.5	269.0	254.45019583	1590693334.14	
452.75	272.5	254.80759099	1590693334.17	
453.0	275.25	255.099197716	1590693334.2	
453.25	278.0	255.848589291	1590693334.24	
453.75	279.75	256.47683935	1590693334.27	
454.75	280.0	256.987802423	1590693334.3	
455.25	278.5	257.342726633	1590693334.34	
456.25	276.25	257.394422646	1590693334.37	
457.5	273.5	257.319616508	1590693334.4	
460.75	269.25	256.02065401	1590693334.44	
462.5	265.5	254.659109236	1590693334.47	
463.0	261.75	254.59415994	1590693334.5	
463.25	257.5	254.291362171	1590693334.54	
464.5	252.25	253.141601232	1590693334.57	
464.75	248.5	251.643217267	1590693334.6	
464.75	245.25	250.628418878	1590693334.63	
463.25	242.25	251.411030635	1590693334.67	
461.0	241.0	251.101753085	1590693334.7	
458.5	240.0	251.101753085	1590693334.73	
455.75	239.25	251.873920312	1590693334.77	
454.5	240.0	252.645975364	1590693334.8	
454.5	240.25	251.954812372	1590693334.83	
453.75	241.5	252.58667833	1590693334.86	
453.75	242.0	252.734190505	1590693334.9	
454.75	244.0	252.264693491	1590693334.93	
453.75	248.5	253.758928963	1590693334.96	
452.25	255.0	255.731556063	1590693335.0	
451.75	262.0	256.437754236	1590693335.03	
453.25	266.25	257.11802221	1590693335.06	
454.75	270.25	257.819083921	1590693335.1	
455.0	274.25	259.015872671	1590693335.13	
455.0	275.25	259.781735678	1590693335.17	
454.5	274.5	261.326825952	1590693335.2	
453.75	272.75	262.485222456	1590693335.23	
453.25	270.0	261.835024991	1590693335.27	
454.5	266.25	261.142041236	1590693335.3	
456.0	262.0	259.07719528	1590693335.33	
456.75	258.75	257.714083919	1590693335.36	
458.0	256.75	256.731592144	1590693335.4	
458.75	253.75	254.922129856	1590693335.43	
459.75	252.0	254.229927235	1590693335.47	
460.0	250.75	253.42307791	1590693335.5	
460.5	250.25	253.42307791	1590693335.53	
460.0	250.25	254.054604099	1590693335.56	
460.0	250.5	254.611532167	1590693335.6	
459.75	250.75	254.922129856	1590693335.63	
458.75	251.0	255.963756532	1590693335.66	
458.0	250.5	256.209133103	1590693335.7	
458.5	250.25	256.148580986	1590693335.73	
459.0	249.5	255.23080147	1590693335.76	
459.25	250.0	254.722438768	1590693335.79	
459.5	248.75	254.407189061	1590693335.83	
460.75	247.75	253.668188392	1590693335.86	
460.5	246.25	253.567584309	1590693335.89	
461.0	244.75	252.934731489	1590693335.93	
462.0	242.5	252.525225744	1590693335.96	
463.25	240.0	251.96018822	1590693335.99	
464.25	237.5	251.486239976	1590693336.03	
466.25	235.25	250.950642777	1590693336.06	
466.75	232.75	249.995696372	1590693336.09	
468.5	230.75	248.838740183	1590693336.13	
470.25	229.75	248.428692809	1590693336.16	
471.0	228.75	248.38091537	1590693336.19	
471.5	228.0	248.29011724	1590693336.23	
471.75	227.75	248.153081564	1590693336.26	
472.25	227.5	248.875280854	1590693336.29	
471.75	227.5	249.44395478	1590693336.33	
471.0	227.75	250.698193564	1590693336.36	
470.0	228.75	251.800834947	1590693336.39	
469.0	228.5	252.67591046	1590693336.43	
471.0	228.75	252.121303404	1590693336.46	
473.0	228.5	251.25024237	1590693336.49	
475.5	228.0	250.615484321	1590693336.53	
475.5	228.5	249.973910906	1590693336.56	
476.25	229.5	249.863696572	1590693336.59	
476.5	229.75	249.887411711	1590693336.63	
475.75	230.75	248.439936093	1590693336.66	
476.25	232.25	247.562540525	1590693336.69	
477.25	232.5	246.429583689	1590693336.72	
479.75	232.75	244.013674389	1590693336.76	
481.5	233.5	242.987334652	1590693336.79	
482.0	235.5	242.987334652	1590693336.82	
480.25	239.0	244.785483232	1590693336.86	
478.0	244.5	250.615484321	1590693336.92	
484.5	252.75	248.292287535	1590693337.19	
483.75	252.75	248.244983847	1590693337.22	
482.75	253.25	249.530810368	1590693337.25	
481.75	253.75	249.179107147	1590693337.29	
483.0	253.25	247.166345822	1590693337.32	
484.75	252.0	245.959380465	1590693337.35	
484.25	252.0	244.349773741	1590693337.39	
484.0	252.25	244.007887521	1590693337.42	
482.75	252.5	244.349773741	1590693337.45	
482.5	252.75	244.007887521	1590693337.49	
483.5	251.75	243.100541456	1590693337.52	
483.75	251.75	242.634461077	1590693337.55	
484.0	251.25	241.986142647	1590693337.59	
484.5	251.25	241.113418233	1590693337.62	
484.25	252.5	240.493000169	1590693337.65	
484.0	253.5	240.376251249	1590693337.69	
484.0	254.25	239.333550256	1590693337.72	
483.5	255.25	239.176102701	1590693337.75	
483.5	255.25	238.909389551	1590693337.79	
482.25	257.25	240.422161319	1590693337.82	
478.25	259.5	244.087244505	1590693337.85	
477.5	261.5	244.306300341	1590693337.88	
478.5	261.0	242.576649293	1590693337.92	
478.0	261.25	242.686725582	1590693337.95	
477.75	262.5	242.801872051	1590693337.98	
474.25	265.0	243.857009546	1590693338.02	
467.0	270.0	248.725030028	1590693338.05	
461.75	276.0	251.639172455	1590693338.08	
457.5	279.75	253.278198374	1590693338.11	
452.75	282.25	254.869799223	1590693338.15	
444.75	285.5	259.29315872	1590693338.18	
437.75	289.5	261.564232487	1590693338.22	
432.5	294.0	263.713106638	1590693338.25	
431.0	296.75	263.578151616	1590693338.28	
432.5	298.5	262.2781742	1590693338.31	
435.5	300.0	259.261102899	1590693338.35	
440.5	299.0	255.963756532	1590693338.38	
444.75	300.0	252.391014369	1590693338.41	
446.5	301.25	251.640143899	1590693338.44	
446.25	301.75	251.858121662	1590693338.48	
447.0	302.25	251.200114841	1590693338.51	
445.25	303.25	253.279126556	1590693338.54	
441.0	304.75	256.785341414	1590693338.58	
434.5	306.25	261.391113976	1590693338.61	
430.75	307.75	263.461037917	1590693338.64	
430.25	307.25	263.194419558	1590693338.68	
431.5	305.5	261.607074813	1590693338.71	
436.0	303.25	257.988521614	1590693338.74	
442.5	299.25	252.546305868	1590693338.78	
446.75	297.25	249.134858429	1590693338.81	
447.0	295.75	249.082032901	1590693338.85	
446.75	294.75	248.687526337	1590693338.88	
448.75	293.75	247.361893798	1590693338.91	
449.25	292.5	247.63261718	1590693338.94	
446.25	292.75	250.114834886	1590693338.98	
441.75	294.0	253.832282345	1590693339.01	
439.25	294.0	255.852394613	1590693339.04	
440.0	292.75	255.339767763	1590693339.08	
442.25	291.5	252.984082752	1590693339.11	
445.25	289.5	249.329876724	1590693339.14	
447.5	287.25	247.581107944	1590693339.17	
450.25	285.0	244.939557673	1590693339.21	
451.5	282.75	243.97545901	1590693339.24	
454.25	281.25	242.918784593	1590693339.27	
454.75	280.75	242.720065322	1590693339.31	
454.75	281.0	242.402704131	1590693339.34	
453.5	282.0	244.24472924	1590693339.37	
451.0	283.5	246.267060196	1590693339.41	
446.5	286.5	250.132954993	1590693339.44	
442.75	288.75	253.148199848	1590693339.47	
442.25	290.0	253.389141009	1590693339.5	
445.0	289.0	250.377743861	1590693339.54	
448.0	287.75	247.325911933	1590693339.57	
449.5	286.25	246.708447243	1590693339.6	
448.0	285.25	246.38460367	1590693339.64	
447.0	285.25	247.925971891	1590693339.67	
447.25	285.75	248.418450446	1590693339.71	
446.75	285.75	249.134858429	1590693339.74	
446.25	285.5	250.157029627	1590693339.77	
446.0	285.5	250.057615418	1590693339.8	
445.5	285.0	250.506938089	1590693339.84	
445.75	284.75	250.362166949	1590693339.87	
446.5	284.75	249.693306212	1590693339.9	
446.75	285.25	250.201123645	1590693339.94	
446.5	285.25	249.97601173	1590693339.97	
447.75	285.25	249.751542638	1590693340.01	
449.5	284.5	248.376803872	1590693340.04	
452.75	284.25	246.67858914	1590693340.07	
452.0	284.25	247.607498063	1590693340.1	
450.75	285.25	248.328121068	1590693340.14	
450.25	286.5	248.582833647	1590693340.17	
451.0	286.25	248.620185403	1590693340.2	
451.5	286.25	248.620185403	1590693340.24	
452.5	285.5	248.114207983	1590693340.27	
454.0	284.0	246.447736327	1590693340.3	
454.0	283.75	246.77173793	1590693340.33	
454.5	283.25	246.713935082	1590693340.37	
455.75	282.75	245.116725168	1590693340.4	
455.0	283.0	245.668758083	1590693340.43	
454.5	283.75	246.128061372	1590693340.47	
454.75	284.25	244.546367733	1590693340.5	
454.0	285.25	245.317696152	1590693340.53	
453.25	286.75	245.741587898	1590693340.57	
453.25	288.0	246.194056482	1590693340.6	
452.75	288.5	246.194056482	1590693340.63	
452.0	289.0	246.625835635	1590693340.67	
452.25	290.0	246.653816357	1590693340.7	
451.75	290.25	247.155446872	1590693340.73	
451.75	290.5	247.067899562	1590693340.77	
451.25	291.25	247.155446872	1590693340.8	
452.0	292.5	246.447736327	1590693340.83	
451.75	292.75	247.155446872	1590693340.86	
451.75	293.5	247.242363681	1590693340.9	
451.25	294.25	247.328656378	1590693340.93	
450.75	295.0	247.826007604	1590693340.97	
451.0	296.0	247.864508122	1590693341.0	
450.75	296.25	248.322696701	1590693341.03	
450.25	296.25	248.322696701	1590693341.06	
450.0	296.25	248.530015766	1590693341.1	
450.0	296.0	248.611377172	1590693341.13	
450.0	295.75	248.115972288	1590693341.17	
449.25	295.5	248.240109187	1590693341.2	
449.0	295.75	248.530015766	1590693341.23	
449.25	295.75	248.322696701	1590693341.26	
449.0	295.5	248.032756593	1590693341.3	
448.5	295.5	248.448062578	1590693341.33	
447.0	295.5	249.026506579	1590693341.36	
446.75	295.5	249.653540602	1590693341.39	
447.5	294.25	249.786250861	1590693341.43	
448.0	292.5	249.863696572	1590693341.46	
449.25	291.0	249.920305944	1590693341.49	
450.0	290.0	250.132954993	1590693341.53	
452.0	288.75	249.67686317	1590693341.56	
454.25	287.75	248.994896086	1590693341.59	
455.25	288.0	248.913698939	1590693341.63	
456.25	288.25	249.842389105	1590693341.66	
457.5	288.25	248.620185403	1590693341.69	
458.5	288.75	249.044223269	1590693341.73	
459.25	289.25	249.417465749	1590693341.76	
460.0	289.5	249.550452389	1590693341.79	
460.75	290.0	249.337605428	1590693341.83	
461.75	291.0	249.920305944	1590693341.86	
462.5	291.5	249.708232332	1590693341.89	
463.75	292.25	249.997647332	1590693341.92	
464.5	292.75	250.209613167	1590693341.96	
465.75	292.75	249.997647332	1590693341.99	
466.5	292.5	250.132954993	1590693342.03	
466.75	292.5	250.497551493	1590693342.06	
466.75	291.75	250.422144844	1590693342.09	
466.75	291.25	249.997647332	1590693342.12	
466.25	290.25	250.422144844	1590693342.16	
466.0	291.0	250.285705485	1590693342.19	
464.75	291.5	250.497551493	1590693342.23	
464.0	292.75	250.930806463	1590693342.26	
462.25	294.0	251.213547737	1590693342.29	
460.25	295.25	251.843860556	1590693342.32	
458.5	296.75	253.026716232	1590693342.36	
456.0	297.25	253.154273084	1590693342.4	
454.25	296.25	253.363603031	1590693342.42	
452.75	295.5	253.844620507	1590693342.46	
452.25	293.5	253.300755766	1590693342.49	
453.0	292.25	252.606677853	1590693342.52	
452.5	290.25	252.606677853	1590693342.56	
451.75	289.5	252.751274174	1590693342.59	
451.0	288.75	252.474431626	1590693342.62	
450.0	287.5	252.962232204	1590693342.65	
448.0	287.0	252.962232204	1590693342.69	
446.75	286.25	252.685608131	1590693342.72	
445.25	286.25	252.979474388	1590693342.76	
444.5	286.0	252.699472808	1590693342.79	
444.25	287.25	252.713684833	1590693342.82	
444.25	287.75	252.84757826	1590693342.85	
444.25	288.5	252.913773271	1590693342.88	
444.25	289.25	253.408091308	1590693342.92	
443.75	289.5	254.452060442	1590693342.95	
443.5	289.5	254.783673288	1590693342.99	
443.25	289.75	254.629054407	1590693343.02	
443.25	289.75	254.629054407	1590693343.05	
443.25	290.0	254.570494952	1590693343.09	
442.5	289.5	254.783673288	1590693343.12	
442.75	289.5	254.452060442	1590693343.15	
442.75	288.5	254.024095167	1590693343.19	
442.75	287.5	253.597952401	1590693343.22	
442.5	287.0	253.385575511	1590693343.25	
442.0	286.25	253.69632354	1590693343.29	
441.0	286.25	253.872424174	1590693343.32	
440.5	285.5	253.810793743	1590693343.35	
439.75	285.0	254.145453568	1590693343.39	
438.5	284.25	254.41703962	1590693343.42	
437.0	283.5	254.357753543	1590693343.45	
436.25	282.75	254.205461516	1590693343.48	
436.5	281.5	253.933599465	1590693343.52	
436.75	281.0	253.722195606	1590693343.55	
437.5	280.75	253.872424174	1590693343.58	
438.75	280.25	253.363603031	1590693343.62	
440.0	280.0	253.090728189	1590693343.65	
441.0	279.25	253.154273084	1590693343.68	
442.5	278.0	252.672078223	1590693343.71	
443.5	277.5	252.672078223	1590693343.75	
444.75	276.25	252.24711157	1590693343.78	
447.0	275.25	250.657885657	1590693343.81	
450.25	274.25	249.213646947	1590693343.85	
451.25	274.0	249.44395478	1590693343.88	
451.0	274.25	250.127824181	1590693343.91	
450.75	274.5	250.953375702	1590693343.95	
452.25	273.75	251.023263264	1590693343.98	
452.25	273.0	251.221966778	1590693344.01	
450.5	272.75	253.026716232	1590693344.04	
450.5	272.25	253.69632354	1590693344.08	
452.75	271.25	251.565051177	1590693344.11	
454.0	270.75	251.353107213	1590693344.14	
453.25	270.5	252.059577068	1590693344.18	
454.75	269.75	251.425984024	1590693344.21	
457.5	268.5	249.285825156	1590693344.25	
458.75	267.75	248.898791636	1590693344.28	
458.25	267.25	249.05734945	1590693344.31	
456.5	266.75	248.851970937	1590693344.34	
454.5	266.25	249.522156433	1590693344.38	
451.5	266.0	250.730705602	1590693344.41	
447.5	266.5	251.847294113	1590693344.44	
442.75	267.75	253.148199848	1590693344.48	
439.5	267.75	252.52111793	1590693344.51	
437.25	267.75	249.304549266	1590693344.54	
434.5	265.5	244.95379922	1590693344.58	
428.0	262.75	240.628578571	1590693344.61	
417.0	263.75	236.451578118	1590693344.64	
398.5	267.0	235.27100372	1590693344.68	
